27
23
25
22
27
41
10
68
12
16
38
54
65
64
19
106
18
23
42
37
31
26
47
51
25
27
13
56
103
28
21
64
22
33
34
64
27
69
56
75
75
71
50
51
44
78
30
43
31
61
25
20
64
35
63
52
61
65
28
44
65
43
28
89
50
33
59
29
70
54
67
38
30
58
29
29
26
59
27
95
28
41
35
41
27
31
32
36
34
74
33
66
72
47
136
33
39
11
36
67
52
51
26
49
62
57
77
36
40
16
16
39
22
47
41
63
34
30
23
23
24
25
21
39
48
20
21
71
84
28
54
47
33
30
25
40
36
30
35
28
51
57
39
41
28
25
36
44
52
66
71
64
38
87
68
55
20
20
21
19
81
41
70
52
36
38
45
66
45
92
65
83
21
45
75
21
22
88
12
17
49
33
51
18
61
53
65
55
21
39
90
30
51
34
37
37
28
33
33
73
30
98
40
57
28
37
53
15
34
71
93
32
53
102
38
43
46
38
65
39
96
38
36
110
88
57
20
40
36
75
52
56
41
77
42
33
14
19
35
29
61
51
27
69
21
31
54
29
19
31
62
27
40
20
42
53
88
33
22
53
28
96
53
59
47
36
35
44
58
52
59
57
21
57
55
76
64
19
51
19
44
26
113
55
61
55
52
93
93
72
75
38
34
71
44
37
25
98
35
32
40
50
31
62
93
43
33
45
30
36
40
32
21
41
17
30
34
46
55
36
55
66
56
38
42
44
29
39
30
35
41
31
45
42
32
79
58
32
52
29
41
87
41
18
42
15
36
71
44
13
45
76
54
25
65
57
22
74
52
48
23
23
30
38
46
33
73
62
59
14
80
69
95
34
25
23
27
52
32
71
83
58
30
78
30
28
49
54
82
42
34
80
47
30
71
21
22
31
54
75
69
18
20
11
30
55
29
15
93
21
59
40
34
41
33
76
97
36
47
16
71
58
17
25
73
58
49
47
33
23
27
23
20
48
46
47
19
14
35
96
25
29
36
17
71
38
17
65
31
29
93
44
52
22
31
42
95
62
31
18
78
62
59
77
31
74
22
46
57
85
80
33
35
96
31
62
49
32
91
73
50
37
35
25
29
30
39
41
51
53
58
29
39
45
62
43
52
32
41
44
41
42
30
27
29
42
40
50
46
50
85
53
46
35
58
69
27
28
50
40
36
67
45
57
39
28
43
76
33
90
40
65
58
45
52
39
20
30
66
46
20
64
11
87
79
63
80
35
18
15
18
19
71
24
17
16
20
51
75
26
20
18
28
18
16
47
35
19
88
33
47
36
22
22
13
115
31
30
62
35
73
51
57
95
24
23
20
80
15
41
20
73
32
50
50
31
26
39
45
95
22
37
38
75
29
112
54
70
79
13
24
21
43
36
44
37
30
27
32
20
26
38
22
18
55
98
43
45
45
70
47
29
50
23
52
60
87
44
82
52
54
36
51
57
30
18
40
56
54
22
56
78
72
41
60
61
89
28
33
34
40
107
36
48
47
40
42
54
65
19
49
21
42
48
41
16
33
55
53
53
25
49
18
43
26
25
75
46
32
22
46
24
30
51
39
70
75
46
34
61
56
32
60
60
50
33
51
63
63
20
86
18
21
28
17
20
21
23
81
54
45
46
26
60
15
28
52
21
32
19
25
58
22
22
47
13
50
18
88
54
50
11
71
35
27
41
20
56
26
42
31
44
27
46
64
71
24
32
17
28
13
79
34
34
69
43
71
49
103
47
22
61
23
113
21
40
42
86
37
42
95
41
30
60
66
90
66
38
31
69
19
60
34
24
61
47
74
38
58
20
34
60
73
51
61
41
63
70
17
41
45
77
20
38
40
45
60
49
46
43
50
44
90
36
59
37
47
47
33
36
39
49
36
35
34
42
25
40
37
43
50
56
59
40
33
36
45
53
31
34
42
28
40
38
45
41
110
83
36
45
53
43
55
36
53
39
53
37
50
46
40
10
81
33
22
41
49
55
44
63
72
59
16
19
85
78
31
65
103
30
64
45
63
19
29
43
11
16
71
20
59
84
22
15
23
66
63
74
30
71
24
37
30
50
33
27
34
110
53
53
35
71
44
32
18
26
33
55
60
47
25
41
55
54
31
70
127
45
31
33
61
35
61
44
55
104
15
33
60
46
69
39
57
55
104
51
59
41
18
36
41
34
31
85
47
20
55
36
48
54
80
33
42
60
52
81
39
41
60
33
31
12
69
38
54
99
51
27
56
48
33
36
17
53
35
42
29
43
41
23
30
22
25
19
56
24
65
100
61
48
33
35
37
43
29
47
42
43
49
60
32
44
45
30
78
37
41
52
34
79
44
48
51
57
101
58
26
55
18
61
55
78
64
72
62
40
46
39
60
20
20
14
33
45
60
57
41
23
30
27
14
19
23
58
72
32
30
86
58
49
16
79
50
39
86
51
22
27
68
36
50
48
55
34
33
40
23
29
16
108
