   1 100
   1 102
   1 103
   1 104
   1 105
   1 112
   1 119
   1 122
   1 141
   1 143
   1 155
   1 167
   1 175
   1 187
   1 233
   1 248
   1 30
   1 394
   1 43
   1 46
   1 47
   1 48
   1 50
   1 55
   1 56
   1 63
   1 71
   1 76
   1 81
   1 85
   1 90
   1 91
   1 92
   2 37
   2 42
   2 49
   2 51
   2 53
   2 66
   2 73
   3 41
   3 54
   3 64
   3 82
   4 32
   4 33
   4 34
   4 39
   4 40
   4 44
   5 35
   5 38
   6 31
   8 26
   8 28
  10 24
  10 27
  10 36
  11 25
  12 29
  13 23
  27 20
  30 21
  32 22
  34 18
  44 19
  49 17
  74 16
 102 15
 113 14
 139 13
 180 12
 239 11
 270 10
 367 9
 508 8
 708 7
1036 6
1439 5
2117 4
2330 2
2505 3
